---------------------------------------
| Line number | Number of palindromes |
---------------------------------------
|           1 |                     2 |
|           2 |                     3 |
|           3 |                     3 |
|           4 |                     3 |
|           5 |                     4 |
|           6 |                     2 |
|           7 |                     1 |
|           8 |                     0 |
|           9 |                     0 |
|          10 |                     0 |
|          11 |                     1 |
|          12 |                     0 |
|          13 |                     0 |
|          14 |                     0 |
|          15 |                     0 |
---------------------------------------

The total number of palindromes: 19
